-0.325831 0.060070 0.649759
-0.276346 -0.434855 -0.200891
-0.411054 -0.179693 0.723999
-0.462765 -0.441240 -0.522360
0.518998 0.045478 0.100430
0.267574 -0.395869 -0.666479
0.308531 -0.154131 0.696463
-0.196164 -0.486229 0.082132
-0.476165 0.240475 -0.187563
0.546152 -0.064424 0.728124
0.435759 0.177912 0.436635
-0.866439 -0.237338 0.308917
0.710459 -0.441079 -0.349152
0.268219 -0.673756 -0.063208
-0.474999 -0.874990 0.061413
0.107918 0.202586 -0.888470
-0.783253 0.261100 0.499264
-0.115279 0.071228 -0.440710
-0.363792 0.008101 0.106272
0.007532 0.519439 0.381306
0.285150 0.406710 0.088103
0.426264 0.099251 0.781128
0.027219 -0.512626 -0.581027
-0.525947 -0.518306 -0.377496
-0.160795 -0.400037 -0.181734
-0.747371 -0.232236 0.605745
0.911215 0.040342 0.191620
0.338152 -0.292834 0.591508
-0.361344 -0.356604 -0.528873
0.023532 0.935539 0.127281
0.082625 0.099343 0.001520
0.631199 0.387419 0.265719
0.877952 -0.393842 0.089252
0.740883 0.381441 0.265620
0.639926 0.114429 0.509626
-0.292480 -0.395861 -0.483334
-0.454983 0.242589 0.711490
-0.550782 -0.527266 0.015239
-0.005469 0.507536 0.022403
-0.055826 0.376462 0.556907
-0.284478 0.111668 0.723644
-0.630248 0.173876 0.694742
0.678459 -0.496832 -0.513818
-0.125942 0.386345 -0.611483
0.473515 -0.739148 -0.190692
-0.019524 0.239311 -0.302653
0.700999 -0.017234 0.436556
0.284909 -0.653855 -0.671835
-0.053742 0.345860 -0.258610
-0.054489 -0.514293 -0.690113
-0.235752 0.149148 -0.230724
-0.101895 -0.160175 0.136924
-0.009049 -0.894966 0.212485
0.718070 -0.022053 -0.015502
-0.275115 -0.237256 -0.776941
0.717780 0.530567 -0.213376
-0.301608 -0.692821 -0.016499
0.657392 -0.623736 -0.346453
-0.583585 0.494760 -0.335956
0.580863 -0.309192 0.002520
0.527434 -0.226331 -0.318723
-0.301085 -0.505885 -0.633656
-0.010923 -0.734815 -0.485511
-0.344190 -0.722286 -0.003532
0.172667 -0.350806 0.591148
0.523027 0.308464 0.367347
-0.737932 0.464376 -0.239622
-0.498446 0.739636 0.373469
0.443419 0.439591 0.649498
0.403881 -0.002511 -0.226987
-0.119285 -0.831526 -0.146256
0.507593 0.460031 0.005419
-0.775125 0.082323 0.191890
-0.431068 -0.661207 0.235773
-0.493897 -0.728056 0.424332
0.145762 0.675957 0.489506
-0.570931 0.050959 -0.431737
0.531124 0.054324 0.572773
0.405808 -0.008912 -0.024618
-0.100781 -0.114086 0.445143
-0.191256 0.679288 -0.007145
0.368760 0.317837 -0.275080
0.626828 0.044691 0.335039
-0.110671 -0.272687 -0.191770
0.239420 0.157192 -0.934708
-0.160396 -0.563741 0.542375
0.332290 -0.096386 -0.447613
0.125882 0.608667 -0.528710
0.467415 -0.526117 0.650335
0.089652 0.281200 -0.557248
-0.141220 0.032107 -0.297603
-0.202105 -0.499679 0.748435
-0.311216 -0.576101 -0.242824
0.194627 -0.706810 -0.016509
-0.333076 -0.884718 0.043020
0.088863 -0.816458 0.431251
-0.645874 -0.399540 -0.615829
0.305775 0.253824 0.750917
0.560127 0.019361 0.671164
-0.718972 0.471803 -0.242845
-0.252376 0.402878 -0.879038
0.731807 -0.384806 -0.403515
-0.796227 0.025994 0.110133
-0.393014 0.381168 0.059819
0.591048 -0.003354 0.616827
0.073813 -0.208693 0.964727
-0.227265 -0.028801 0.672299
-0.723513 0.067906 -0.678756
0.780672 0.599337 -0.127778
0.339300 -0.185274 -0.178010
-0.257901 0.871889 -0.333908
0.324196 -0.086190 0.019203
0.204601 0.459917 0.046524
-0.383894 -0.602603 0.292929
0.308912 -0.462077 0.737400
0.199724 0.552035 -0.025638
0.132714 0.216839 0.070129
-0.191810 0.180642 0.125181
-0.368376 0.229066 0.223275
-0.234215 0.216316 -0.819847
0.510629 0.608602 0.447625
-0.185980 -0.449909 -0.294984
-0.783656 -0.144535 -0.304686
-0.718514 -0.343088 0.024429
-0.854322 -0.081467 0.486097
-0.597404 0.275626 -0.212568
-0.646814 0.259213 -0.182916
0.032169 -0.627640 -0.171247
-0.611756 -0.021546 0.535573
-0.067197 -0.439350 0.423467
0.377183 -0.211847 0.272984
0.188475 -0.133960 0.305947
0.256848 0.728543 -0.092024
-0.411498 -0.018027 0.226513
-0.867065 0.332403 0.061855
0.188091 0.735395 0.443965
0.312634 -0.452859 -0.244158
-0.863853 0.196363 -0.112688
0.406226 0.007327 0.157661
0.339830 -0.420459 -0.833915
0.327472 0.675586 -0.142140
0.453626 0.159453 -0.638292
0.238079 -0.691548 -0.469208
0.702375 0.629818 0.123241
0.296383 0.013011 -0.037460
0.865382 0.413908 0.005771
-0.353543 0.292301 -0.493457
-0.663207 0.231949 -0.137546
-0.196996 -0.240364 -0.580151
-0.140867 0.792392 0.266354
0.646611 -0.033021 -0.082398
-0.634455 0.606215 -0.120263
-0.511754 -0.216642 0.407112
0.144952 -0.117937 0.605889
0.368147 0.232611 -0.021421
-0.202881 0.666736 0.071059
0.628657 0.059260 0.675636
-0.035749 0.434993 0.388548
0.289994 -0.175622 -0.894583
-0.784011 0.251453 0.500201
-0.845127 0.244096 -0.268345
-0.434310 0.135457 -0.568470
0.119819 0.703047 -0.043981
0.430846 -0.096784 -0.811324
0.790037 0.208777 -0.097389
-0.671819 0.392055 0.344887
0.379905 0.290103 -0.021761
0.406343 -0.532070 0.087443
-0.566953 0.527717 0.128423
0.068707 -0.257597 -0.539892
-0.206911 -0.146179 -0.609995
0.090774 -0.213399 -0.910424
-0.937538 0.146227 -0.115944
-0.721803 0.163833 -0.068619
0.893977 0.434603 0.103180
-0.135193 -0.219840 -0.786839
0.299704 0.312402 -0.768214
-0.522913 0.306538 -0.251184
0.136666 -0.067620 0.476280
0.548966 0.359077 -0.033935
-0.068823 -0.830645 -0.433278
0.223904 0.930496 0.266132
-0.588216 0.200935 0.264724
0.440310 0.106752 0.482626
-0.449100 -0.259052 0.353685
0.644505 0.575577 0.433435
-0.086570 0.569705 0.230676
0.772549 -0.250564 0.187409
-0.329826 0.319272 -0.808720
-0.499064 0.101955 -0.515135
0.296293 -0.645600 0.579337
0.181043 0.194447 0.849681
0.332121 0.801829 -0.083428
0.321617 -0.170266 -0.565572
-0.893333 0.110124 0.026497
0.376408 -0.051926 -0.885394
0.604761 0.078550 0.002773
-0.111958 -0.512383 0.648738
-0.227953 0.201790 -0.912342
0.221144 -0.180917 -0.848541
-0.487613 -0.335503 0.475376
0.092561 -0.056441 0.654297
-0.345884 0.228627 0.507836
-0.283879 -0.414452 0.730325
-0.818751 0.147101 0.023041
-0.582061 0.235373 0.618875
-0.667193 -0.070781 0.433640
-0.273694 -0.003872 -0.141356
0.482579 -0.343128 0.804248
-0.532205 -0.514947 -0.671339
-0.476865 0.300101 -0.414314
0.173027 0.618663 0.732691
0.620782 0.472304 -0.324118
0.710052 -0.079656 -0.093625
0.034079 0.135152 -0.165796
-0.435833 -0.335391 0.149045
-0.118425 0.109400 0.919960
0.124394 0.056365 -0.089062
0.015762 0.846586 0.146120
-0.601511 -0.321803 -0.483017
-0.911663 0.137749 0.137469
0.028574 -0.539823 0.569402
0.027486 0.049055 -0.368743
-0.173888 0.164186 0.944723
0.463787 0.305964 -0.235280
-0.110850 0.955459 -0.021840
-0.415078 0.486542 0.422966
0.244372 0.600928 -0.074010
0.279827 -0.416766 -0.015412
0.178754 -0.096706 -0.489808
0.429977 0.787674 0.203313
-0.160347 0.338157 0.031442
-0.074776 0.232001 -0.222580
-0.713160 -0.114419 -0.593387
-0.132953 -0.778683 -0.139391
-0.175684 0.453764 0.674472
0.652865 0.110546 -0.503295
-0.482150 0.449825 -0.284143
-0.464030 -0.230406 -0.120617
0.614826 -0.332489 -0.038890
0.054794 0.418355 -0.191219
-0.634586 -0.330960 -0.191746
0.564485 0.061784 0.145594
0.299856 0.203973 -0.257787
-0.744724 -0.224252 0.139918
-0.617320 -0.623899 -0.274343
-0.503924 0.335777 0.639088
-0.233924 0.457698 -0.576865
0.119865 0.733740 0.311659
-0.712812 -0.528412 0.334178
0.281890 0.685628 0.286847
0.228106 0.048391 0.214250
0.498842 0.408181 -0.301315
0.089531 -0.562117 0.643222
-0.677373 -0.394338 0.560756
-0.320663 -0.080623 -0.158223
-0.486303 0.083632 0.502522
0.441535 -0.301924 -0.656234
-0.090215 -0.825122 -0.521165
0.714924 -0.293239 0.598113
0.553808 -0.318766 0.263663
-0.433200 0.155321 -0.640134
0.561992 -0.055988 -0.711374
-0.159625 0.469675 0.771213
-0.027366 0.272873 0.330029
-0.359644 0.766318 -0.523573
-0.262604 0.599411 0.353776
-0.019705 0.282920 -0.312600
0.824571 0.550851 -0.022573
0.540521 0.201347 -0.456395
-0.017311 0.520863 -0.130049
-0.159178 -0.840710 0.489599
-0.063953 0.519295 -0.461423
0.500756 0.168275 0.665495
-0.445082 0.581371 0.399501
0.277399 -0.300548 0.087988
-0.137891 0.195576 0.326315
0.733336 0.092088 0.460909
-0.044212 -0.527283 -0.191623
-0.443611 0.772309 0.356094
0.043326 0.135709 -0.815798
0.089660 0.562860 -0.175654
-0.454033 0.385280 -0.389406
0.242104 -0.436377 -0.265407
-0.884738 0.239068 0.066219
0.261041 -0.569884 0.135247
0.375058 -0.582405 0.605059
-0.238453 0.188546 -0.633022
0.538942 -0.134559 0.614840
0.051992 0.419987 0.236194
0.238966 -0.213168 -0.716490
0.331293 0.534699 -0.378593
-0.439413 0.876680 -0.011833
-0.058701 0.598336 -0.487506
-0.169075 -0.019141 -0.015826
-0.148995 -0.091231 0.371895
0.202099 -0.505248 0.323069
-0.337159 0.139126 -0.582034
0.179972 -0.206851 0.073651
-0.392304 0.377062 0.155369
0.011310 0.592897 -0.012750
0.934739 -0.115456 -0.015911
-0.720947 -0.019150 -0.439960
0.097411 0.239681 0.594550
-0.328065 0.357394 0.687632
0.888446 0.381162 -0.000368
0.528449 0.000169 -0.076992
-0.068771 0.316787 0.789973
0.771547 0.022812 0.064183
0.185641 0.186549 0.508816
-0.251916 -0.615779 -0.242612
-0.867942 0.177397 0.461035
-0.412683 0.340557 0.487077
-0.414404 -0.767714 -0.142621
0.733330 0.269842 0.098346
-0.145301 0.417970 0.541301
-0.668999 0.420445 -0.445811
-0.728624 -0.022734 -0.474668
-0.146753 0.202379 0.261396
-0.250460 0.841221 0.143173
0.068078 -0.408673 0.457212
0.384486 0.431264 -0.766335
0.556579 0.121375 0.702389
-0.674758 -0.175335 0.463165
-0.264755 0.113967 0.947814
0.374875 -0.099454 0.498666
-0.060339 -0.460189 0.435765
0.766845 0.422935 0.234883
0.327138 0.725294 -0.375342
-0.156438 0.011575 -0.659185
0.371370 0.696216 0.209463
0.216564 0.366141 -0.172301
0.092574 -0.687904 0.619068
-0.570986 0.016149 -0.813299
0.199952 0.348291 0.501550
-0.356006 -0.354392 -0.560722
-0.530655 0.254490 -0.714750
-0.259105 -0.571350 0.361324
-0.380305 0.427026 -0.267567
0.029141 -0.120456 -0.494880
0.250570 -0.072811 -0.758693
-0.580485 -0.684688 0.415093
0.504579 -0.360610 0.131488
0.179501 0.599267 -0.083297
-0.690160 -0.147468 0.097961
0.547957 -0.245293 0.305835
0.481861 0.470810 0.699810
0.523296 0.308732 -0.226517
-0.234397 -0.203879 -0.355744
-0.561531 0.185795 0.006059
0.074252 0.737085 0.294498
0.775714 0.002626 0.287340
0.118330 -0.162408 -0.924806
0.744281 0.472292 0.129676
-0.233787 0.604608 0.599058
0.558185 -0.351416 -0.346165
0.143584 -0.166980 -0.163217
0.286245 -0.031602 -0.211834
-0.081806 -0.239977 0.614960
0.093135 -0.320050 0.421758
0.000892 0.067800 0.413076
-0.211015 0.624174 0.611272
-0.595260 -0.303950 -0.295531
0.633185 0.085442 -0.369831
0.669578 0.499199 -0.387096
-0.525144 0.056477 0.498169
-0.244436 0.796250 0.469389
0.010993 -0.500457 -0.041620
0.677478 -0.551891 0.076695
0.076274 0.246757 0.670557
-0.540678 -0.657130 -0.005839
-0.053119 0.140280 0.258999
0.204851 -0.968182 -0.101481
0.371365 0.524149 0.298247
-0.606692 0.106584 0.026035
-0.440801 -0.480713 -0.143451
0.252760 0.177908 0.281622
-0.806078 0.018139 -0.589031
-0.476199 -0.687870 0.471932
-0.072372 0.519513 -0.236017
-0.171020 -0.615412 -0.211003
0.132895 -0.859925 -0.240111
0.363656 0.498693 0.775823
0.124693 0.259125 0.636912
-0.061908 -0.484171 -0.283182
-0.170768 0.281777 0.460025
0.728792 -0.609902 -0.100325
-0.502410 -0.413484 -0.081137
0.441327 0.450527 -0.402009
0.530604 0.113097 0.419555
0.247706 0.294706 0.528387
0.361877 -0.227941 0.767461
-0.243683 0.542548 -0.163161
-0.347421 0.256440 -0.372765
0.355687 -0.413924 -0.643088
-0.577738 0.281830 -0.249890
0.789420 -0.540477 0.162331
-0.400272 -0.160339 -0.312574
-0.354745 -0.610637 -0.008437
-0.374450 0.546962 -0.641555
-0.589702 -0.513045 0.470166
0.643198 -0.731614 0.216128
0.123067 0.443457 -0.795902
0.505491 -0.154204 0.238056
0.934985 0.261855 0.033368
-0.150795 -0.461045 0.431682
-0.570490 -0.557090 0.532739
0.441140 0.362696 0.705090
-0.257232 0.211584 0.260275
-0.205985 -0.585223 0.476185
-0.295456 -0.036120 -0.834268
0.635714 -0.409094 -0.417709
0.538357 0.140697 -0.292509
0.391102 -0.079089 0.105237
0.653718 -0.165318 -0.268559
0.220906 -0.364366 -0.597016
0.036354 -0.436954 -0.812933
-0.541726 -0.830539 -0.031527
0.686003 -0.015097 0.448003
-0.109765 0.212350 -0.960878
-0.147153 -0.637923 -0.403887
0.280997 0.364541 -0.797699
-0.155996 -0.641574 0.031547
0.375360 0.092937 0.132503
-0.657780 0.460792 0.362675
0.273956 -0.327440 -0.286662
-0.616101 0.227918 -0.564297
-0.068973 0.955772 0.014151
-0.387335 0.489191 -0.091030
-0.169189 0.472620 -0.317156
0.702928 0.438744 -0.259597
0.538185 0.322274 -0.332150
-0.182158 -0.278027 0.562717
-0.444388 -0.115189 -0.371996
0.046628 -0.415658 0.593250
0.185833 0.905706 0.017155
-0.166334 0.005157 -0.857798
-0.151040 0.429923 0.039056
-0.539226 0.020840 -0.760747
-0.728703 0.240374 -0.513716
0.467785 -0.365463 0.731053
-0.022345 -0.111828 -0.071397
0.364344 0.246450 -0.298267
0.437784 -0.749086 0.039693
0.604055 -0.603740 -0.486872
0.575271 0.394357 0.647035
-0.164523 -0.371831 0.621459
0.486541 0.084297 -0.546098
-0.066399 -0.318093 -0.566887
0.115388 0.779387 0.249243
-0.538782 0.139330 0.563585
0.652815 -0.569878 0.254810
-0.767396 0.494094 -0.109004
-0.664906 -0.390102 0.403866
-0.629167 -0.122858 -0.566478
-0.669404 0.728390 0.138999
0.201407 0.215771 0.608121
-0.112125 0.120073 0.510290
0.438739 -0.141862 0.601323
-0.267114 -0.515009 -0.711997
0.774039 0.465477 -0.350315
-0.505640 -0.815758 0.268203
0.113131 -0.897876 0.051295
0.157421 -0.171120 0.147753
0.235258 0.519132 -0.111481
-0.612355 -0.288048 0.016501
0.185546 0.193831 -0.197949
0.148035 -0.912642 -0.014420
-0.219448 0.631390 0.299742
0.626888 -0.291360 0.476041
-0.144439 0.400113 0.055247
-0.118010 0.138086 -0.033118
0.363488 0.315434 0.301277
0.157899 0.836301 0.102612
-0.503419 -0.474250 0.619999
0.247575 0.641261 -0.405876
0.172676 -0.231657 -0.833002
0.841179 0.380740 -0.206045
-0.070492 0.691090 -0.405091
-0.380077 -0.073701 0.402882
-0.259160 -0.406752 -0.079023
-0.751592 0.124707 -0.028190
0.150497 -0.172148 0.833209
-0.158042 -0.517635 0.291747
0.597954 0.562266 0.091040
0.186701 -0.117488 0.634988
-0.064497 0.324414 0.019615
-0.668236 -0.456840 0.436908
-0.676110 0.237929 -0.410248
-0.463473 0.427292 0.103430
-0.062417 0.384707 -0.239454
0.539336 0.675419 -0.245245
-0.318851 0.913838 -0.044962
-0.160026 0.016112 0.485109
0.062320 -0.806111 -0.391605
-0.401562 -0.416049 -0.000088
-0.655247 0.287834 0.443513
-0.712352 0.191273 0.526711
0.562964 0.114809 -0.439878
0.177180 0.675582 0.176392
-0.817098 -0.374327 0.293825
0.275918 -0.176067 -0.714773
0.394153 -0.286772 -0.837776
0.107639 0.700769 -0.382726
0.705026 0.473053 -0.115100
-0.150685 0.335884 0.011805
-0.379208 0.782222 -0.360222
-0.748947 0.107183 -0.304839
-0.920710 -0.007911 -0.189255
-0.547138 0.532482 -0.271073
0.260492 -0.401142 -0.810340
-0.051263 -0.556981 0.664087
0.605613 0.644868 -0.225748
-0.429094 -0.416811 0.265941
-0.771394 -0.334931 0.491623
-0.282644 -0.209744 0.728105
-0.330209 0.781283 0.506953
-0.083141 -0.270483 -0.802467
-0.146794 0.666880 0.318420
-0.034374 0.414659 -0.876103
0.429122 -0.432898 0.607961
0.210660 -0.687019 0.610496
0.255005 -0.304309 0.692000
-0.451245 -0.173697 0.136929
0.225160 0.084081 -0.492970
0.470075 0.554144 -0.650058
-0.685395 -0.339100 -0.183288
-0.055251 -0.516741 -0.616313
0.123441 -0.002978 -0.267977
0.171007 -0.324546 0.564821
-0.115902 0.060116 -0.221199
-0.293052 -0.553710 -0.707239
0.021992 0.840718 -0.170881
-0.890934 0.298684 0.336282
0.446217 0.538163 0.572714
-0.118146 0.386709 0.862188
-0.360348 0.778712 -0.332656
-0.316635 -0.416353 0.818209
0.631911 0.472532 -0.489584
-0.241390 0.461349 -0.521858
0.682079 0.327692 0.365914
-0.390299 0.400466 0.472325
0.087717 -0.493374 -0.290452
0.578466 -0.436716 -0.500062
-0.702286 -0.462171 -0.029187
